300
1.00000, 0.00176
0.99329, 0.00334
0.98658, 0.00491
0.97987, 0.00647
0.97315, 0.00801
0.96644, 0.00954
0.95973, 0.01106
0.95302, 0.01257
0.94631, 0.01406
0.93960, 0.01554
0.93289, 0.01701
0.92617, 0.01847
0.91946, 0.01992
0.91275, 0.02135
0.90604, 0.02277
0.89933, 0.02418
0.89262, 0.02558
0.88591, 0.02697
0.87919, 0.02835
0.87248, 0.02971
0.86577, 0.03107
0.85906, 0.03241
0.85235, 0.03374
0.84564, 0.03507
0.83893, 0.03638
0.83221, 0.03767
0.82550, 0.03896
0.81879, 0.04024
0.81208, 0.04151
0.80537, 0.04276
0.79866, 0.04401
0.79195, 0.04524
0.78523, 0.04647
0.77852, 0.04768
0.77181, 0.04888
0.76510, 0.05007
0.75839, 0.05125
0.75168, 0.05242
0.74497, 0.05358
0.73826, 0.05473
0.73154, 0.05586
0.72483, 0.05699
0.71812, 0.05811
0.71141, 0.05921
0.70470, 0.06030
0.69799, 0.06138
0.69128, 0.06246
0.68456, 0.06351
0.67785, 0.06456
0.67114, 0.06560
0.66443, 0.06662
0.65772, 0.06764
0.65101, 0.06864
0.64430, 0.06963
0.63758, 0.07061
0.63087, 0.07157
0.62416, 0.07253
0.61745, 0.07347
0.61074, 0.07440
0.60403, 0.07531
0.59732, 0.07622
0.59060, 0.07711
0.58389, 0.07799
0.57718, 0.07885
0.57047, 0.07970
0.56376, 0.08054
0.55705, 0.08136
0.55034, 0.08217
0.54362, 0.08297
0.53691, 0.08375
0.53020, 0.08452
0.52349, 0.08527
0.51678, 0.08601
0.51007, 0.08673
0.50336, 0.08743
0.49664, 0.08812
0.48993, 0.08880
0.48322, 0.08946
0.47651, 0.09010
0.46980, 0.09072
0.46309, 0.09133
0.45638, 0.09192
0.44966, 0.09249
0.44295, 0.09304
0.43624, 0.09358
0.42953, 0.09409
0.42282, 0.09459
0.41611, 0.09507
0.40940, 0.09552
0.40268, 0.09596
0.39597, 0.09637
0.38926, 0.09677
0.38255, 0.09714
0.37584, 0.09749
0.36913, 0.09781
0.36242, 0.09812
0.35570, 0.09840
0.34899, 0.09865
0.34228, 0.09888
0.33557, 0.09908
0.32886, 0.09926
0.32215, 0.09941
0.31544, 0.09954
0.30872, 0.09963
0.30201, 0.09970
0.29530, 0.09973
0.28859, 0.09974
0.28188, 0.09972
0.27517, 0.09966
0.26846, 0.09957
0.26174, 0.09944
0.25503, 0.09928
0.24832, 0.09909
0.24161, 0.09885
0.23490, 0.09858
0.22819, 0.09827
0.22148, 0.09792
0.21477, 0.09753
0.20805, 0.09709
0.20134, 0.09660
0.19463, 0.09606
0.18792, 0.09542
0.18121, 0.09469
0.17450, 0.09387
0.16779, 0.09294
0.16107, 0.09192
0.15436, 0.09079
0.14765, 0.08955
0.14094, 0.08821
0.13423, 0.08675
0.12752, 0.08517
0.12081, 0.08347
0.11409, 0.08164
0.10738, 0.07968
0.10067, 0.07758
0.09396, 0.07533
0.08725, 0.07292
0.08054, 0.07034
0.07383, 0.06758
0.06711, 0.06462
0.06040, 0.06144
0.05369, 0.05801
0.04698, 0.05431
0.04027, 0.05027
0.03356, 0.04583
0.02685, 0.04089
0.02013, 0.03526
0.01342, 0.02860
0.00671, 0.02000
0.00000, 0.00000
0.00000, 0.00000
0.00671, -0.01736
0.01342, -0.02341
0.02013, -0.02761
0.02685, -0.03087
0.03356, -0.03353
0.04027, -0.03578
0.04698, -0.03772
0.05369, -0.03942
0.06040, -0.04093
0.06711, -0.04228
0.07383, -0.04350
0.08054, -0.04461
0.08725, -0.04563
0.09396, -0.04657
0.10067, -0.04744
0.10738, -0.04826
0.11409, -0.04902
0.12081, -0.04974
0.12752, -0.05042
0.13423, -0.05107
0.14094, -0.05169
0.14765, -0.05229
0.15436, -0.05287
0.16107, -0.05343
0.16779, -0.05398
0.17450, -0.05452
0.18121, -0.05505
0.18792, -0.05557
0.19463, -0.05609
0.20134, -0.05660
0.20805, -0.05709
0.21477, -0.05754
0.22148, -0.05795
0.22819, -0.05832
0.23490, -0.05866
0.24161, -0.05896
0.24832, -0.05923
0.25503, -0.05947
0.26174, -0.05968
0.26846, -0.05986
0.27517, -0.06001
0.28188, -0.06013
0.28859, -0.06023
0.29530, -0.06030
0.30201, -0.06035
0.30872, -0.06037
0.31544, -0.06037
0.32215, -0.06035
0.32886, -0.06030
0.33557, -0.06023
0.34228, -0.06015
0.34899, -0.06004
0.35570, -0.05991
0.36242, -0.05977
0.36913, -0.05960
0.37584, -0.05942
0.38255, -0.05922
0.38926, -0.05901
0.39597, -0.05877
0.40268, -0.05853
0.40940, -0.05826
0.41611, -0.05799
0.42282, -0.05769
0.42953, -0.05739
0.43624, -0.05707
0.44295, -0.05673
0.44966, -0.05639
0.45638, -0.05603
0.46309, -0.05565
0.46980, -0.05527
0.47651, -0.05488
0.48322, -0.05447
0.48993, -0.05405
0.49664, -0.05362
0.50336, -0.05319
0.51007, -0.05274
0.51678, -0.05228
0.52349, -0.05181
0.53020, -0.05133
0.53691, -0.05085
0.54362, -0.05035
0.55034, -0.04984
0.55705, -0.04933
0.56376, -0.04881
0.57047, -0.04828
0.57718, -0.04774
0.58389, -0.04720
0.59060, -0.04664
0.59732, -0.04608
0.60403, -0.04552
0.61074, -0.04494
0.61745, -0.04436
0.62416, -0.04377
0.63087, -0.04318
0.63758, -0.04257
0.64430, -0.04197
0.65101, -0.04135
0.65772, -0.04073
0.66443, -0.04010
0.67114, -0.03947
0.67785, -0.03883
0.68456, -0.03819
0.69128, -0.03754
0.69799, -0.03688
0.70470, -0.03622
0.71141, -0.03556
0.71812, -0.03488
0.72483, -0.03421
0.73154, -0.03352
0.73826, -0.03284
0.74497, -0.03214
0.75168, -0.03144
0.75839, -0.03074
0.76510, -0.03003
0.77181, -0.02932
0.77852, -0.02860
0.78523, -0.02787
0.79195, -0.02714
0.79866, -0.02641
0.80537, -0.02567
0.81208, -0.02492
0.81879, -0.02417
0.82550, -0.02342
0.83221, -0.02266
0.83893, -0.02189
0.84564, -0.02112
0.85235, -0.02034
0.85906, -0.01956
0.86577, -0.01877
0.87248, -0.01798
0.87919, -0.01718
0.88591, -0.01638
0.89262, -0.01557
0.89933, -0.01475
0.90604, -0.01393
0.91275, -0.01310
0.91946, -0.01227
0.92617, -0.01143
0.93289, -0.01058
0.93960, -0.00973
0.94631, -0.00887
0.95302, -0.00801
0.95973, -0.00714
0.96644, -0.00626
0.97315, -0.00537
0.97987, -0.00448
0.98658, -0.00358
0.99329, -0.00267
1.00000, -0.00176
