     0.000000    0.000000
     0.001001    0.005750
     0.002002    0.008219
     0.003003    0.010147
     0.004004    0.011795
     0.005005    0.013263
     0.006006    0.014604
     0.007007    0.015847
     0.008008    0.017014
     0.009009    0.018117
     0.010010    0.019168
     0.011011    0.020173
     0.012012    0.021138
     0.013013    0.022069
     0.014014    0.022969
     0.015015    0.023841
     0.016016    0.024689
     0.017017    0.025513
     0.018018    0.026316
     0.019019    0.027101
     0.020020    0.027867
     0.021021    0.028616
     0.022022    0.029351
     0.023023    0.030070
     0.024024    0.030776
     0.025025    0.031469
     0.026026    0.032150
     0.027027    0.032820
     0.028028    0.033478
     0.029029    0.034127
     0.030030    0.034765
     0.031031    0.035394
     0.032032    0.036013
     0.033033    0.036624
     0.034034    0.037227
     0.035035    0.037822
     0.036036    0.038409
     0.037037    0.038988
     0.038038    0.039561
     0.039039    0.040126
     0.040040    0.040685
     0.041041    0.041238
     0.042042    0.041784
     0.043043    0.042324
     0.044044    0.042858
     0.045045    0.043386
     0.046046    0.043909
     0.047047    0.044427
     0.048048    0.044939
     0.049049    0.045446
     0.050050    0.045948
     0.051051    0.046445
     0.052052    0.046937
     0.053053    0.047425
     0.054054    0.047908
     0.055055    0.048387
     0.056056    0.048861
     0.057057    0.049331
     0.058058    0.049797
     0.059059    0.050259
     0.060060    0.050716
     0.061061    0.051170
     0.062062    0.051620
     0.063063    0.052066
     0.064064    0.052509
     0.065065    0.052948
     0.066066    0.053383
     0.067067    0.053815
     0.068068    0.054243
     0.069069    0.054668
     0.070070    0.055089
     0.071071    0.055507
     0.072072    0.055922
     0.073073    0.056334
     0.074074    0.056743
     0.075075    0.057148
     0.076076    0.057550
     0.077077    0.057950
     0.078078    0.058346
     0.079079    0.058740
     0.080080    0.059130
     0.081081    0.059518
     0.082082    0.059903
     0.083083    0.060285
     0.084084    0.060664
     0.085085    0.061041
     0.086086    0.061414
     0.087087    0.061786
     0.088088    0.062154
     0.089089    0.062520
     0.090090    0.062884
     0.091091    0.063245
     0.092092    0.063603
     0.093093    0.063959
     0.094094    0.064313
     0.095095    0.064664
     0.096096    0.065012
     0.097097    0.065359
     0.098098    0.065702
     0.099099    0.066044
     0.100100    0.066383
     0.101101    0.066720
     0.102102    0.067055
     0.103103    0.067387
     0.104104    0.067718
     0.105105    0.068046
     0.106106    0.068371
     0.107107    0.068695
     0.108108    0.069017
     0.109109    0.069336
     0.110110    0.069653
     0.111111    0.069968
     0.112112    0.070282
     0.113113    0.070593
     0.114114    0.070902
     0.115115    0.071209
     0.116116    0.071514
     0.117117    0.071816
     0.118118    0.072117
     0.119119    0.072416
     0.120120    0.072714
     0.121121    0.073009
     0.122122    0.073302
     0.123123    0.073593
     0.124124    0.073882
     0.125125    0.074170
     0.126126    0.074456
     0.127127    0.074739
     0.128128    0.075021
     0.129129    0.075301
     0.130130    0.075580
     0.131131    0.075856
     0.132132    0.076131
     0.133133    0.076403
     0.134134    0.076675
     0.135135    0.076944
     0.136136    0.077211
     0.137137    0.077477
     0.138138    0.077741
     0.139139    0.078004
     0.140140    0.078264
     0.141141    0.078523
     0.142142    0.078780
     0.143143    0.079036
     0.144144    0.079290
     0.145145    0.079542
     0.146146    0.079793
     0.147147    0.080042
     0.148148    0.080289
     0.149149    0.080535
     0.150150    0.080779
     0.151151    0.081021
     0.152152    0.081262
     0.153153    0.081501
     0.154154    0.081739
     0.155155    0.081975
     0.156156    0.082209
     0.157157    0.082442
     0.158158    0.082673
     0.159159    0.082903
     0.160160    0.083131
     0.161161    0.083358
     0.162162    0.083583
     0.163163    0.083807
     0.164164    0.084029
     0.165165    0.084250
     0.166166    0.084469
     0.167167    0.084686
     0.168168    0.084903
     0.169169    0.085117
     0.170170    0.085330
     0.171171    0.085542
     0.172172    0.085752
     0.173173    0.085961
     0.174174    0.086169
     0.175175    0.086375
     0.176176    0.086579
     0.177177    0.086782
     0.178178    0.086984
     0.179179    0.087184
     0.180180    0.087383
     0.181181    0.087580
     0.182182    0.087776
     0.183183    0.087971
     0.184184    0.088164
     0.185185    0.088356
     0.186186    0.088546
     0.187187    0.088735
     0.188188    0.088923
     0.189189    0.089109
     0.190190    0.089294
     0.191191    0.089478
     0.192192    0.089660
     0.193193    0.089841
     0.194194    0.090020
     0.195195    0.090198
     0.196196    0.090375
     0.197197    0.090551
     0.198198    0.090725
     0.199199    0.090898
     0.200200    0.091070
     0.201201    0.091240
     0.202202    0.091409
     0.203203    0.091576
     0.204204    0.091743
     0.205205    0.091908
     0.206206    0.092072
     0.207207    0.092234
     0.208208    0.092395
     0.209209    0.092555
     0.210210    0.092714
     0.211211    0.092872
     0.212212    0.093028
     0.213213    0.093183
     0.214214    0.093336
     0.215215    0.093489
     0.216216    0.093640
     0.217217    0.093790
     0.218218    0.093938
     0.219219    0.094086
     0.220220    0.094232
     0.221221    0.094377
     0.222222    0.094520
     0.223223    0.094663
     0.224224    0.094804
     0.225225    0.094944
     0.226226    0.095083
     0.227227    0.095221
     0.228228    0.095357
     0.229229    0.095492
     0.230230    0.095626
     0.231231    0.095759
     0.232232    0.095891
     0.233233    0.096021
     0.234234    0.096151
     0.235235    0.096279
     0.236236    0.096406
     0.237237    0.096531
     0.238238    0.096656
     0.239239    0.096779
     0.240240    0.096901
     0.241241    0.097022
     0.242242    0.097142
     0.243243    0.097261
     0.244244    0.097379
     0.245245    0.097495
     0.246246    0.097610
     0.247247    0.097724
     0.248248    0.097837
     0.249249    0.097949
     0.250250    0.098060
     0.251251    0.098170
     0.252252    0.098278
     0.253253    0.098385
     0.254254    0.098491
     0.255255    0.098597
     0.256256    0.098700
     0.257257    0.098803
     0.258258    0.098905
     0.259259    0.099006
     0.260260    0.099105
     0.261261    0.099203
     0.262262    0.099301
     0.263263    0.099397
     0.264264    0.099492
     0.265265    0.099586
     0.266266    0.099679
     0.267267    0.099770
     0.268268    0.099861
     0.269269    0.099951
     0.270270    0.100039
     0.271271    0.100126
     0.272272    0.100213
     0.273273    0.100298
     0.274274    0.100382
     0.275275    0.100465
     0.276276    0.100547
     0.277277    0.100628
     0.278278    0.100708
     0.279279    0.100787
     0.280280    0.100865
     0.281281    0.100941
     0.282282    0.101017
     0.283283    0.101092
     0.284284    0.101165
     0.285285    0.101238
     0.286286    0.101309
     0.287287    0.101379
     0.288288    0.101449
     0.289289    0.101517
     0.290290    0.101584
     0.291291    0.101650
     0.292292    0.101716
     0.293293    0.101780
     0.294294    0.101843
     0.295295    0.101905
     0.296296    0.101966
     0.297297    0.102026
     0.298298    0.102085
     0.299299    0.102143
     0.300300    0.102200
     0.301301    0.102256
     0.302302    0.102310
     0.303303    0.102364
     0.304304    0.102417
     0.305305    0.102469
     0.306306    0.102520
     0.307307    0.102570
     0.308308    0.102618
     0.309309    0.102666
     0.310310    0.102713
     0.311311    0.102759
     0.312312    0.102804
     0.313313    0.102848
     0.314314    0.102890
     0.315315    0.102932
     0.316316    0.102973
     0.317317    0.103013
     0.318318    0.103052
     0.319319    0.103090
     0.320320    0.103126
     0.321321    0.103162
     0.322322    0.103197
     0.323323    0.103231
     0.324324    0.103264
     0.325325    0.103296
     0.326326    0.103327
     0.327327    0.103357
     0.328328    0.103386
     0.329329    0.103414
     0.330330    0.103441
     0.331331    0.103467
     0.332332    0.103493
     0.333333    0.103517
     0.334334    0.103540
     0.335335    0.103562
     0.336336    0.103584
     0.337337    0.103604
     0.338338    0.103623
     0.339339    0.103642
     0.340340    0.103659
     0.341341    0.103676
     0.342342    0.103692
     0.343343    0.103706
     0.344344    0.103720
     0.345345    0.103733
     0.346346    0.103745
     0.347347    0.103755
     0.348348    0.103765
     0.349349    0.103774
     0.350350    0.103782
     0.351351    0.103790
     0.352352    0.103796
     0.353353    0.103801
     0.354354    0.103805
     0.355355    0.103809
     0.356356    0.103811
     0.357357    0.103813
     0.358358    0.103813
     0.359359    0.103813
     0.360360    0.103812
     0.361361    0.103810
     0.362362    0.103807
     0.363363    0.103803
     0.364364    0.103798
     0.365365    0.103792
     0.366366    0.103785
     0.367367    0.103777
     0.368368    0.103769
     0.369369    0.103759
     0.370370    0.103749
     0.371371    0.103737
     0.372372    0.103725
     0.373373    0.103712
     0.374374    0.103698
     0.375375    0.103683
     0.376376    0.103667
     0.377377    0.103650
     0.378378    0.103633
     0.379379    0.103614
     0.380380    0.103595
     0.381381    0.103574
     0.382382    0.103553
     0.383383    0.103531
     0.384384    0.103508
     0.385385    0.103484
     0.386386    0.103459
     0.387387    0.103434
     0.388388    0.103407
     0.389389    0.103380
     0.390390    0.103351
     0.391391    0.103322
     0.392392    0.103292
     0.393393    0.103261
     0.394394    0.103229
     0.395395    0.103196
     0.396396    0.103162
     0.397397    0.103128
     0.398398    0.103092
     0.399399    0.103056
     0.400400    0.103019
     0.401401    0.102981
     0.402402    0.102943
     0.403403    0.102904
     0.404404    0.102865
     0.405405    0.102825
     0.406406    0.102784
     0.407407    0.102743
     0.408408    0.102701
     0.409409    0.102659
     0.410410    0.102617
     0.411411    0.102573
     0.412412    0.102529
     0.413413    0.102485
     0.414414    0.102440
     0.415415    0.102395
     0.416416    0.102349
     0.417417    0.102302
     0.418418    0.102255
     0.419419    0.102208
     0.420420    0.102159
     0.421421    0.102111
     0.422422    0.102062
     0.423423    0.102012
     0.424424    0.101962
     0.425425    0.101911
     0.426426    0.101859
     0.427427    0.101808
     0.428428    0.101755
     0.429429    0.101702
     0.430430    0.101649
     0.431431    0.101595
     0.432432    0.101540
     0.433433    0.101485
     0.434434    0.101430
     0.435435    0.101374
     0.436436    0.101317
     0.437437    0.101260
     0.438438    0.101202
     0.439439    0.101144
     0.440440    0.101085
     0.441441    0.101026
     0.442442    0.100967
     0.443443    0.100906
     0.444444    0.100846
     0.445445    0.100784
     0.446446    0.100723
     0.447447    0.100660
     0.448448    0.100598
     0.449449    0.100534
     0.450450    0.100470
     0.451451    0.100406
     0.452452    0.100341
     0.453453    0.100276
     0.454454    0.100210
     0.455455    0.100144
     0.456456    0.100077
     0.457457    0.100010
     0.458458    0.099942
     0.459459    0.099873
     0.460460    0.099805
     0.461461    0.099735
     0.462462    0.099665
     0.463463    0.099595
     0.464464    0.099524
     0.465465    0.099453
     0.466466    0.099381
     0.467467    0.099309
     0.468468    0.099236
     0.469469    0.099163
     0.470470    0.099089
     0.471471    0.099015
     0.472472    0.098940
     0.473473    0.098864
     0.474474    0.098789
     0.475475    0.098712
     0.476476    0.098636
     0.477477    0.098558
     0.478478    0.098481
     0.479479    0.098403
     0.480480    0.098324
     0.481481    0.098245
     0.482482    0.098165
     0.483483    0.098085
     0.484484    0.098004
     0.485485    0.097923
     0.486486    0.097842
     0.487487    0.097760
     0.488488    0.097677
     0.489489    0.097594
     0.490490    0.097511
     0.491491    0.097427
     0.492492    0.097342
     0.493493    0.097257
     0.494494    0.097172
     0.495495    0.097086
     0.496496    0.097000
     0.497497    0.096913
     0.498498    0.096825
     0.499499    0.096738
     0.500501    0.096649
     0.501502    0.096561
     0.502503    0.096472
     0.503504    0.096382
     0.504505    0.096292
     0.505506    0.096201
     0.506507    0.096110
     0.507508    0.096019
     0.508509    0.095927
     0.509510    0.095834
     0.510511    0.095741
     0.511512    0.095648
     0.512513    0.095554
     0.513514    0.095460
     0.514515    0.095365
     0.515516    0.095270
     0.516517    0.095174
     0.517518    0.095078
     0.518519    0.094982
     0.519520    0.094885
     0.520521    0.094787
     0.521522    0.094689
     0.522523    0.094591
     0.523524    0.094492
     0.524525    0.094392
     0.525526    0.094293
     0.526527    0.094192
     0.527528    0.094092
     0.528529    0.093991
     0.529530    0.093889
     0.530531    0.093787
     0.531532    0.093684
     0.532533    0.093581
     0.533534    0.093478
     0.534535    0.093374
     0.535536    0.093270
     0.536537    0.093165
     0.537538    0.093060
     0.538539    0.092954
     0.539540    0.092848
     0.540541    0.092742
     0.541542    0.092635
     0.542543    0.092527
     0.543544    0.092419
     0.544545    0.092311
     0.545546    0.092202
     0.546547    0.092093
     0.547548    0.091984
     0.548549    0.091873
     0.549550    0.091763
     0.550551    0.091652
     0.551552    0.091541
     0.552553    0.091429
     0.553554    0.091316
     0.554555    0.091204
     0.555556    0.091091
     0.556557    0.090977
     0.557558    0.090863
     0.558559    0.090748
     0.559560    0.090634
     0.560561    0.090518
     0.561562    0.090402
     0.562563    0.090286
     0.563564    0.090170
     0.564565    0.090053
     0.565566    0.089935
     0.566567    0.089817
     0.567568    0.089699
     0.568569    0.089580
     0.569570    0.089461
     0.570571    0.089341
     0.571572    0.089221
     0.572573    0.089100
     0.573574    0.088979
     0.574575    0.088858
     0.575576    0.088736
     0.576577    0.088614
     0.577578    0.088491
     0.578579    0.088368
     0.579580    0.088245
     0.580581    0.088121
     0.581582    0.087996
     0.582583    0.087872
     0.583584    0.087746
     0.584585    0.087621
     0.585586    0.087495
     0.586587    0.087368
     0.587588    0.087241
     0.588589    0.087114
     0.589590    0.086986
     0.590591    0.086858
     0.591592    0.086729
     0.592593    0.086600
     0.593594    0.086471
     0.594595    0.086341
     0.595596    0.086211
     0.596597    0.086080
     0.597598    0.085949
     0.598599    0.085817
     0.599600    0.085685
     0.600601    0.085553
     0.601602    0.085420
     0.602603    0.085287
     0.603604    0.085153
     0.604605    0.085019
     0.605606    0.084885
     0.606607    0.084750
     0.607608    0.084615
     0.608609    0.084479
     0.609610    0.084343
     0.610611    0.084206
     0.611612    0.084069
     0.612613    0.083932
     0.613614    0.083794
     0.614615    0.083656
     0.615616    0.083517
     0.616617    0.083378
     0.617618    0.083239
     0.618619    0.083099
     0.619620    0.082959
     0.620621    0.082818
     0.621622    0.082677
     0.622623    0.082536
     0.623624    0.082394
     0.624625    0.082251
     0.625626    0.082109
     0.626627    0.081966
     0.627628    0.081822
     0.628629    0.081678
     0.629630    0.081534
     0.630631    0.081389
     0.631632    0.081244
     0.632633    0.081098
     0.633634    0.080952
     0.634635    0.080806
     0.635636    0.080659
     0.636637    0.080512
     0.637638    0.080365
     0.638639    0.080217
     0.639640    0.080068
     0.640641    0.079919
     0.641642    0.079770
     0.642643    0.079621
     0.643644    0.079471
     0.644645    0.079320
     0.645646    0.079169
     0.646647    0.079018
     0.647648    0.078867
     0.648649    0.078715
     0.649650    0.078562
     0.650651    0.078409
     0.651652    0.078256
     0.652653    0.078103
     0.653654    0.077949
     0.654655    0.077794
     0.655656    0.077639
     0.656657    0.077484
     0.657658    0.077328
     0.658659    0.077172
     0.659660    0.077016
     0.660661    0.076859
     0.661662    0.076702
     0.662663    0.076544
     0.663664    0.076386
     0.664665    0.076228
     0.665666    0.076069
     0.666667    0.075910
     0.667668    0.075750
     0.668669    0.075591
     0.669670    0.075430
     0.670671    0.075269
     0.671672    0.075108
     0.672673    0.074947
     0.673674    0.074785
     0.674675    0.074622
     0.675676    0.074460
     0.676677    0.074296
     0.677678    0.074133
     0.678679    0.073969
     0.679680    0.073805
     0.680681    0.073640
     0.681682    0.073475
     0.682683    0.073309
     0.683684    0.073143
     0.684685    0.072977
     0.685686    0.072810
     0.686687    0.072643
     0.687688    0.072476
     0.688689    0.072308
     0.689690    0.072140
     0.690691    0.071971
     0.691692    0.071802
     0.692693    0.071633
     0.693694    0.071463
     0.694695    0.071293
     0.695696    0.071122
     0.696697    0.070951
     0.697698    0.070780
     0.698699    0.070608
     0.699700    0.070436
     0.700701    0.070263
     0.701702    0.070090
     0.702703    0.069917
     0.703704    0.069743
     0.704705    0.069569
     0.705706    0.069394
     0.706707    0.069220
     0.707708    0.069044
     0.708709    0.068869
     0.709710    0.068693
     0.710711    0.068516
     0.711712    0.068339
     0.712713    0.068162
     0.713714    0.067984
     0.714715    0.067807
     0.715716    0.067628
     0.716717    0.067449
     0.717718    0.067270
     0.718719    0.067091
     0.719720    0.066911
     0.720721    0.066730
     0.721722    0.066550
     0.722723    0.066369
     0.723724    0.066187
     0.724725    0.066005
     0.725726    0.065823
     0.726727    0.065640
     0.727728    0.065457
     0.728729    0.065274
     0.729730    0.065090
     0.730731    0.064906
     0.731732    0.064721
     0.732733    0.064537
     0.733734    0.064351
     0.734735    0.064165
     0.735736    0.063979
     0.736737    0.063793
     0.737738    0.063606
     0.738739    0.063419
     0.739740    0.063231
     0.740741    0.063043
     0.741742    0.062855
     0.742743    0.062666
     0.743744    0.062477
     0.744745    0.062287
     0.745746    0.062097
     0.746747    0.061907
     0.747748    0.061716
     0.748749    0.061525
     0.749750    0.061334
     0.750751    0.061142
     0.751752    0.060949
     0.752753    0.060757
     0.753754    0.060564
     0.754755    0.060370
     0.755756    0.060177
     0.756757    0.059982
     0.757758    0.059788
     0.758759    0.059593
     0.759760    0.059398
     0.760761    0.059202
     0.761762    0.059006
     0.762763    0.058809
     0.763764    0.058613
     0.764765    0.058415
     0.765766    0.058218
     0.766767    0.058020
     0.767768    0.057821
     0.768769    0.057623
     0.769770    0.057423
     0.770771    0.057224
     0.771772    0.057024
     0.772773    0.056824
     0.773774    0.056623
     0.774775    0.056422
     0.775776    0.056221
     0.776777    0.056019
     0.777778    0.055817
     0.778779    0.055614
     0.779780    0.055411
     0.780781    0.055208
     0.781782    0.055004
     0.782783    0.054800
     0.783784    0.054595
     0.784785    0.054390
     0.785786    0.054185
     0.786787    0.053979
     0.787788    0.053773
     0.788789    0.053567
     0.789790    0.053360
     0.790791    0.053153
     0.791792    0.052946
     0.792793    0.052738
     0.793794    0.052529
     0.794795    0.052321
     0.795796    0.052111
     0.796797    0.051902
     0.797798    0.051692
     0.798799    0.051482
     0.799800    0.051271
     0.800801    0.051060
     0.801802    0.050849
     0.802803    0.050637
     0.803804    0.050425
     0.804805    0.050212
     0.805806    0.050000
     0.806807    0.049786
     0.807808    0.049573
     0.808809    0.049359
     0.809810    0.049144
     0.810811    0.048929
     0.811812    0.048714
     0.812813    0.048498
     0.813814    0.048283
     0.814815    0.048066
     0.815816    0.047849
     0.816817    0.047632
     0.817818    0.047415
     0.818819    0.047197
     0.819820    0.046979
     0.820821    0.046760
     0.821822    0.046541
     0.822823    0.046322
     0.823824    0.046102
     0.824825    0.045882
     0.825826    0.045661
     0.826827    0.045440
     0.827828    0.045219
     0.828829    0.044997
     0.829830    0.044775
     0.830831    0.044552
     0.831832    0.044329
     0.832833    0.044106
     0.833834    0.043883
     0.834835    0.043659
     0.835836    0.043434
     0.836837    0.043209
     0.837838    0.042984
     0.838839    0.042759
     0.839840    0.042533
     0.840841    0.042306
     0.841842    0.042080
     0.842843    0.041853
     0.843844    0.041625
     0.844845    0.041397
     0.845846    0.041169
     0.846847    0.040940
     0.847848    0.040711
     0.848849    0.040482
     0.849850    0.040252
     0.850851    0.040022
     0.851852    0.039791
     0.852853    0.039560
     0.853854    0.039329
     0.854855    0.039097
     0.855856    0.038865
     0.856857    0.038633
     0.857858    0.038400
     0.858859    0.038166
     0.859860    0.037933
     0.860861    0.037699
     0.861862    0.037464
     0.862863    0.037229
     0.863864    0.036994
     0.864865    0.036759
     0.865866    0.036523
     0.866867    0.036286
     0.867868    0.036050
     0.868869    0.035812
     0.869870    0.035575
     0.870871    0.035337
     0.871872    0.035099
     0.872873    0.034860
     0.873874    0.034621
     0.874875    0.034381
     0.875876    0.034142
     0.876877    0.033901
     0.877878    0.033661
     0.878879    0.033420
     0.879880    0.033178
     0.880881    0.032936
     0.881882    0.032694
     0.882883    0.032452
     0.883884    0.032209
     0.884885    0.031965
     0.885886    0.031721
     0.886887    0.031477
     0.887888    0.031233
     0.888889    0.030988
     0.889890    0.030742
     0.890891    0.030497
     0.891892    0.030251
     0.892893    0.030004
     0.893894    0.029757
     0.894895    0.029510
     0.895896    0.029262
     0.896897    0.029014
     0.897898    0.028766
     0.898899    0.028517
     0.899900    0.028268
     0.900901    0.028018
     0.901902    0.027768
     0.902903    0.027517
     0.903904    0.027267
     0.904905    0.027015
     0.905906    0.026764
     0.906907    0.026512
     0.907908    0.026259
     0.908909    0.026007
     0.909910    0.025753
     0.910911    0.025500
     0.911912    0.025246
     0.912913    0.024991
     0.913914    0.024737
     0.914915    0.024481
     0.915916    0.024226
     0.916917    0.023970
     0.917918    0.023714
     0.918919    0.023457
     0.919920    0.023200
     0.920921    0.022942
     0.921922    0.022684
     0.922923    0.022426
     0.923924    0.022167
     0.924925    0.021908
     0.925926    0.021648
     0.926927    0.021388
     0.927928    0.021128
     0.928929    0.020867
     0.929930    0.020606
     0.930931    0.020345
     0.931932    0.020083
     0.932933    0.019820
     0.933934    0.019558
     0.934935    0.019294
     0.935936    0.019031
     0.936937    0.018767
     0.937938    0.018503
     0.938939    0.018238
     0.939940    0.017973
     0.940941    0.017707
     0.941942    0.017441
     0.942943    0.017175
     0.943944    0.016908
     0.944945    0.016641
     0.945946    0.016373
     0.946947    0.016105
     0.947948    0.015837
     0.948949    0.015568
     0.949950    0.015299
     0.950951    0.015029
     0.951952    0.014759
     0.952953    0.014489
     0.953954    0.014218
     0.954955    0.013947
     0.955956    0.013675
     0.956957    0.013403
     0.957958    0.013131
     0.958959    0.012858
     0.959960    0.012585
     0.960961    0.012311
     0.961962    0.012037
     0.962963    0.011762
     0.963964    0.011487
     0.964965    0.011212
     0.965966    0.010936
     0.966967    0.010660
     0.967968    0.010384
     0.968969    0.010107
     0.969970    0.009830
     0.970971    0.009552
     0.971972    0.009274
     0.972973    0.008995
     0.973974    0.008716
     0.974975    0.008437
     0.975976    0.008157
     0.976977    0.007877
     0.977978    0.007596
     0.978979    0.007315
     0.979980    0.007033
     0.980981    0.006751
     0.981982    0.006469
     0.982983    0.006186
     0.983984    0.005903
     0.984985    0.005620
     0.985986    0.005336
     0.986987    0.005051
     0.987988    0.004767
     0.988989    0.004481
     0.989990    0.004196
     0.990991    0.003910
     0.991992    0.003623
     0.992993    0.003336
     0.993994    0.003049
     0.994995    0.002761
     0.995996    0.002473
     0.996997    0.002185
     0.997998    0.001896
     0.998999    0.001606
     1.000000    0.001316
